
best_val_epoch: 23
best_val_mse: 0.00016212787035688812
best_val_tau: 0.9085899888765294
best_val_rho: 0.9792435908357091
best_val_p10: 0.926
best_val_p20: 0.9328333333333334

mse: 0.0005501177752672411
rho: 0.946752147605658
tau: 0.8479289593179502
prec_at_10: 0.8833333333333333
prec_at_20: 0.8911666666666668

mse: 0.0005597271420559437
rho: 0.9392286363779109
tau: 0.8327957526333675
prec_at_10: 0.8799999999999999
prec_at_20: 0.8951666666666668
