
best_val_epoch: 19
best_val_mse: 0.0012143478604216824
best_val_tau: 0.7717755264396928
best_val_rho: 0.9207673073254268
best_val_p10: 0.7278571428571429
best_val_p20: 0.7685714285714286

mse: 0.0011623339226761713
rho: 0.9162067603102391
tau: 0.762675787667482
prec_at_10: 0.7457142857142858
prec_at_20: 0.8057142857142857

mse: 0.0011956016424300771
rho: 0.9149581278600237
tau: 0.7606589390675769
prec_at_10: 0.7327142857142857
prec_at_20: 0.790642857142857
