
best_val_epoch: 35
best_val_mse: 6.387286874300451e-05
best_val_tau: 0.9140691151919867
best_val_rho: 0.9878572176589379
best_val_p10: 0.998
best_val_p20: 0.9957499999999999

mse: 6.586199652429994e-05
rho: 0.9897643491630457
tau: 0.9154064768460577
prec_at_10: 0.988
prec_at_20: 0.9975
